id,predicted_price
2591820310,386810.25
7974200820,950001.8
7701450110,1.1175306e+06
9522300010,1.63543e+06
9510861140,727189.3
1761300310,260519.06
7732410120,829936.44
7010701383,609979.5
291310170,457750.38
4232901990,530196.8
6840701125,771633.2
3971700580,428592.66
4202400078,245716.48
6064800090,340390.62
2626119028,241122.95
3303980660,945755.0
862000020,682817.1
2386000070,788262.8
1138000450,353397.47
1775800420,424464.78
2291401425,406439.03
2025770560,855195.25
3525069037,711627.5
9324800450,657420.06
8080400136,581108.56
8651540040,543156.4
9407001790,250261.44
1773101530,233094.9
9432900250,358793.97
1794500695,589605.94
2220069003,343615.7
923000120,559500.94
5728000060,516395.28
16000200,231853.58
1926059094,496141.9
6672900220,1.0479792e+06
3629860060,780653.75
1822069109,405871.2
6675500105,392209.8
249000180,1.9246035e+06
226059065,466981.3
396100110,309977.0
9264450460,345251.84
7853361210,379794.5
9474700020,265861.12
421000455,226770.34
3755200220,442832.4
7960100075,443373.72
9477100490,438403.03
9138100350,810332.2
1624049275,459750.62
2770606890,559457.7
1157200189,401903.12
2770601800,491774.56
9301300805,466171.9
2325069032,1.2050946e+06
1021079099,395608.03
7215730040,729130.25
1853200080,439256.78
3224600340,695375.4
3222049120,420665.4
2113700025,305935.0
7893207925,248172.78
3586501085,519189.72
8024200010,338971.1
7116500705,156970.34
1598600209,372570.8
7204200025,794633.1
4206901505,530013.8
2937300440,960174.06
7205000180,278164.25
8718500665,337382.4
5318101765,851944.8
4122700020,1.0293573e+06
8078700020,520381.38
3303980680,805012.0
8924100372,1.0457618e+06
2781270210,220507.16
519000043,529136.06
3225069301,1.3816414e+06
151000075,765196.9
2297400020,430154.84
6617500085,631408.56
104510180,243810.34
3528900060,915164.4
3345100286,540024.3
1226039130,460094.06
8712100720,748467.56
3037200010,381393.72
3626039268,375920.38
104510230,249158.61
5112800060,413370.6
6072400280,635733.56
5317100570,1.1037918e+06
9528102993,586007.06
2919201095,454401.72
6181400920,267760.34
185000161,250123.06
8691400010,739222.94
3345700165,573186.6
6151800486,200185.28
4340000080,1.3276969e+06
4136960010,588759.75
3634100030,373333.03
1624059224,1.1759859e+06
2788400090,264509.62
9828200762,419937.12
7524400250,577409.5
3528000290,754508.4
5700003630,2.1579488e+06
2720069019,313981.38
7227501170,225267.31
2397101270,643393.06
6792100090,721061.1
2770602265,539374.8
3971700937,281189.94
422049203,207176.88
3076500830,296662.9
1423400260,276388.88
9161100795,433219.44
3126049052,528560.56
5100401468,479471.34
514500235,437823.1
1423200170,217261.44
1402100070,452431.22
624110020,711133.6
2407000145,258702.28
1890000225,675859.06
1320069271,316479.28
5490700085,374839.97
263000155,404240.25
3726800201,514679.38
5153200358,314172.47
2725079018,829242.56
7165700200,295671.22
9429000170,574069.0
8718500075,401335.47
1760650950,321682.06
1068000559,1.2237418e+06
4113800500,614140.1
4077800507,585600.4
2725069150,720178.7
4008400035,561538.1
7016310270,456273.75
1432701230,200621.4
3278606050,308885.12
2473350710,368541.5
2185000685,212827.89
7792000025,395255.8
6868200029,527202.4
624069003,813657.4
7431500280,845213.4
3296000040,610392.06
1118001215,1.6287666e+06
6453900040,742866.75
333100209,780724.5
34001765,663180.7
8946700100,363618.94
5561401210,600394.94
6671900095,370247.25
3275850020,677639.06
3876300600,394566.22
1450900020,279682.6
8562780280,347144.3
7663700973,330166.22
2126049032,372654.7
1823059159,201360.16
3438503426,285493.3
9297301495,484577.12
7140700850,399291.88
7942601805,729986.7
2555900030,369616.78
2887970040,259860.02
7419700010,628289.3
2239000011,410421.75
9283800050,289606.7
9407001340,300762.5
217500140,565037.4
7212660520,265165.3
3298201170,334816.6
3057000400,323214.1
6865200444,497534.47
6071600340,503543.78
6821600005,723382.25
1235100371,908319.6
7796450340,346388.66
3603000410,174923.08
9297300255,556097.44
9126100850,571722.94
2770601462,504184.78
2599001500,212071.75
1102000095,760561.7
1853080640,920291.4
9551201585,993407.3
3438500796,357907.8
7518504291,555521.25
9269200340,438599.6
715010130,1.3739231e+06
1982201485,651296.4
9526500080,391101.22
9277200180,454293.38
6669150280,301517.8
8917100153,594766.06
3760500516,987463.25
2725069050,887426.5
3332000091,314860.84
8562770080,595372.2
8151601190,266738.84
8563040160,610143.56
240000269,612729.06
4307350200,336934.5
1311910300,263670.94
3574900030,497320.03
7853230570,436007.66
320069049,372140.06
9839301060,680622.9
7011201333,641875.0
2781320100,262631.47
3421069120,421351.6
7852030320,481456.75
5316101075,2.1672708e+06
5309100750,568447.9
629000730,744925.56
511700170,278906.2
1562100030,567530.25
2489200230,604931.94
524069116,551120.4
5315100737,1.0952658e+06
1868900675,886708.25
1608000120,365453.84
705700240,364331.22
7575600610,255917.86
1778500015,725181.6
5423500240,202970.22
6713700025,368257.25
2734100734,287989.44
301402280,184103.81
2113700205,280871.0
4114601570,2.8677552e+06
3332000615,303052.9
3630050180,357764.47
6852700520,494896.7
6870310010,711107.1
6163900981,309786.97
393000142,362132.25
1771100130,323974.5
1442860160,372125.16
9191200435,549006.3
6788200800,927216.56
1115300070,746043.2
3176600105,688125.94
2770604665,600029.75
5469500580,435441.7
5680000545,468867.16
3424089119,547363.2
1328300180,340808.34
1773100922,332431.9
4123830480,344388.94
9808610190,1.0898944e+06
4250200140,272194.94
4217402115,3.319698e+06
3831250350,386696.66
2397101055,799702.4
6817850110,950125.06
7526800200,602759.75
7853370100,639913.06
2523089025,817785.8
9476200680,228051.2
5714200140,420703.12
3575304895,630305.8
263000018,472786.12
8080400177,453051.22
6450304130,321837.34
514500090,555623.0
9477000300,448563.28
853600310,1.5367648e+06
1951600240,206498.7
1099900120,359955.8
5323100120,540245.3
1223089016,436723.44
522059172,255728.3
1930300190,707390.4
9542840410,328005.12
8665050530,482439.4
5592900205,326283.25
5450300010,593807.1
2459960030,320761.8
3331500455,558018.44
3432500705,383627.34
3702900165,338093.6
5249803550,582381.8
626049058,446289.0
1788900380,168297.1
8075400360,228990.08
9113200250,749149.56
2738640040,740958.56
7821200307,471811.44
3530440140,248929.4
3582700130,447875.5
9276200569,669918.75
7197800020,634999.2
686200490,565141.4
3501600100,436514.0
6383000690,597038.1
7604400150,387338.5
5249801411,846645.3
2607720420,471230.88
9561100010,418152.75
1796370590,259522.44
4077800593,352334.06
854000165,270088.03
5536100010,659102.5
4188000670,882124.2
31000165,1.4161606e+06
662350050,990157.4
4137000280,274886.56
6169901130,1.2670735e+06
1953400510,250498.31
7518506716,1.03188725e+06
1552520010,371858.03
7955080270,341040.8
9212900100,540249.44
3438500798,347520.94
7899800890,270123.06
4319200605,450182.8
1329300480,359490.62
8935100100,973194.8
5016001260,436281.34
4337600280,322250.12
1446401220,224174.77
7135521530,548866.0
6888900115,230421.0
2413301070,283542.66
345700040,265390.22
5566100145,461666.25
7634800070,357982.22
9346910500,660207.2
3529300060,321757.56
8128600060,1.2397135e+06
8572900275,241029.61
4139420590,1.3194392e+06
9274200322,648779.5
1472700200,571943.8
8820903380,459581.84
8563010130,818400.6
8965450110,887413.8
9274204230,490820.62
8165501700,367487.53
2193340260,534198.8
1860600290,974217.2
1222000055,245383.95
2492200280,466676.34
2488200455,448303.7
809001520,1.02800744e+06
1796361140,271100.66
6398000011,649682.2
6813600365,616864.94
7504100920,777894.3
8835770330,663891.3
524059322,888441.0
4307330280,399459.84
1245002952,1.0338553e+06
2021069059,253660.05
5700000595,646947.56
3629970930,744207.7
3336002215,275756.2
5100401060,697198.1
3278600750,349733.25
1126069045,884211.25
7568700175,329194.38
452001475,519651.88
9283800230,568327.0
1737300130,597998.9
6189600040,519120.4
3679400025,554563.75
1096100010,333944.1
9513900050,255098.64
5452800645,705508.7
273800100,240420.78
7228500037,449236.28
808300090,478612.9
2493200215,547510.44
5035300255,758591.4
3380900160,398940.56
3630000130,423512.56
7300400670,297312.9
6798100070,326147.0
8078400010,595720.3
5566100060,529951.6
2768200212,512440.16
4035900060,589241.1
9460000110,393351.53
7199320190,521110.44
2225039081,492578.62
9512200050,555655.3
2634500085,331356.06
3654800200,295349.4
2724079090,1.2013608e+06
2597520720,759288.4
3034200426,389229.22
984000130,284786.28
7852020670,430607.97
7923500060,696756.8
2310030510,286355.53
2205500540,495530.0
2493200015,416464.53
7853361420,549372.44
5652600605,595037.25
5285200020,306602.4
9406530150,379926.03
5706300020,428753.34
3278602490,467158.6
7197000100,535995.6
4447300008,573929.44
7899800045,268767.84
9250900095,388735.47
9268851740,665108.7
8682261440,458246.12
7284900385,774572.0
8079040300,432405.47
2225300585,422764.0
3223039013,512578.97
2013801350,239674.25
4055701110,881222.8
3578401770,480403.7
4046500720,527412.56
6145601745,313691.94
5207200195,708110.56
1972201856,580676.44
7212680080,254130.03
7277100510,607419.5
522079022,522580.06
5605000440,984047.9
6632300230,379590.28
8815400165,600171.6
6708200320,517368.3
2426059076,580083.1
3260200200,513471.38
2770601741,500306.03
4338800500,241884.61
9201000320,871584.4
7655900038,350888.5
3625059140,579876.25
4222310010,177661.97
2114700115,319189.06
3291800710,327082.7
9406590010,416361.28
3025059124,2.255637e+06
7972601250,460877.94
930000470,871892.0
6690500060,479064.53
16000015,179605.75
5693501102,582182.44
8079040490,435161.47
7225000155,348741.06
8819900170,783421.44
7972601270,351065.9
1224069074,830675.2
5126900321,359790.03
3438501860,362744.38
2822069080,435875.03
1656600310,566419.6
3856900507,1.0612865e+06
1626069139,481497.16
2524049257,1.1040276e+06
3904960150,543058.5
7214820610,500787.22
7977201845,565989.8
2428100080,829960.1
2202500135,428873.97
1523550220,677314.75
2313900610,456151.06
4123840050,379377.5
2125059124,1.2025999e+06
1225039067,475927.9
6431500283,506815.03
2473380010,297036.88
5694501195,451229.88
2881700046,354311.66
6837820330,313383.97
2337300370,214444.36
3876540630,223714.94
626059317,337643.78
3374500520,362021.4
7228501903,327384.78
4019300051,534442.4
4232902615,674303.0
3546000090,235391.14
8127700215,784003.7
3438501100,393603.34
1769600066,706906.2
8146100610,587204.25
3052700695,613902.4
7954310210,670735.06
3761700053,1.7608832e+06
1320069179,353134.34
1331900410,749974.5
7303100210,379011.16
2464400285,467580.22
6163901150,360510.28
8955800045,318540.44
2314300200,434053.16
9528104360,366309.75
4177100005,578283.0
8856960260,331872.8
1828001220,680591.06
3066400710,702293.2
624110610,821140.06
4040800260,408273.44
5019500215,612063.25
2481630180,1.137918e+06
7203170190,723366.4
510001280,859246.8
9430110120,770032.06
1565950030,315859.03
9828202255,813577.44
3878900270,407096.94
8091600080,208190.36
1112000035,307708.5
2228900270,363054.8
6648701740,283871.7
1245003740,624935.06
2174503441,472466.56
7708250010,294750.9
6072300110,612926.6
2329800140,267097.25
1494300040,511847.22
3832050130,310831.9
7203100730,840719.44
7199330170,455828.8
7785000220,639611.6
1250201175,389081.16
4054500180,1.03420444e+06
7905200061,463092.3
3751604895,189884.36
5220300140,267392.88
3323059027,330394.28
8651611980,946109.5
8673400190,564971.1
1668500100,821728.4
1023059365,557535.44
3308030060,317659.78
4232400860,994573.25
2144800615,228022.5
1568100920,1.06125e+06
9406510040,535948.56
2923049421,400185.47
1051000040,1.6772895e+06
2077700042,688723.4
9423800030,232223.58
9818700455,783830.25
7133300675,344646.53
4113800550,622149.1
5553300375,1.6331232e+06
2025701530,266512.03
7942601155,443043.62
7524300020,258249.95
2520069100,289600.9
5412300410,219548.83
7504110760,736155.6
2594200350,361883.66
2722059013,229991.8
8078430480,529793.0
1423069162,521127.34
8856001090,175066.27
7000100631,863673.3
4222200280,228875.02
7971300050,634530.6
2009001600,266280.56
6619910140,605238.94
2877100985,508015.62
1196000007,394219.06
1330850130,801525.7
6664900410,269399.12
1231001110,305799.94
9235900030,294923.53
9407101840,313139.88
9523103001,439149.97
2149800278,342695.1
7234601198,695184.44
9476700035,389553.78
9297301065,775033.8
518500700,770576.44
7843500090,319931.75
6056110780,294429.22
2345700260,353949.62
3509600070,268252.62
1431700280,301879.75
1623049174,278855.66
3024089049,340768.38
7853340450,388925.34
7732410360,779014.6
1446800995,322469.94
2946000285,249880.81
425079100,535728.8
3876313040,462632.34
1762600260,1.1405559e+06
1925069121,902592.0
7443000480,900401.4
7820000015,353869.97
4027701253,494948.12
2826049165,367926.6
5426300060,676615.56
1278000210,108565.85
923000270,381466.12
7657600005,249790.28
3024079057,418525.78
3276180020,302637.0
7304300760,303900.3
3908100020,543428.44
8835400805,720635.56
4051150070,237262.45
3904930530,450997.56
6163900971,369260.6
7942600310,396237.06
4365700330,291113.34
423059207,293564.8
3992700265,350902.22
7177300090,470311.88
2540820010,679550.1
5700002510,913960.75
5201000030,567046.56
7631800015,1.4414295e+06
2922702965,671968.2
1525059198,1.0905941e+06
1245003160,663042.8
3810000455,294435.38
7855600080,584039.25
5701500030,1.2932651e+06
7504020400,633293.75
1402600570,295034.1
7575610760,257874.64
8731990370,369056.4
5021900090,774880.06
290000075,450842.75
2841500010,499617.53
3955900830,445019.47
7852110140,550550.94
1311400350,249175.95
7773800015,503662.88
4123400320,549824.25
2725069157,858725.8
666000143,849514.1
5101408678,557791.25
6371000026,410453.84
2024059084,618046.75
7283900036,337638.62
8881900230,782124.75
3959400135,381399.2
7696610270,220043.53
1689400150,963822.7
5103900015,444030.88
1441000350,452063.75
5101408735,391673.44
3126059027,1.9777631e+06
2320069014,587552.7
9541600015,669582.1
8682320420,779815.1
1562200090,600877.25
3395070980,508797.2
7349600230,230324.33
522049122,307768.66
869700060,313443.75
811000055,1.5059721e+06
1221059176,403109.97
1523059103,450218.0
2025760210,769051.56
9218400088,285021.6
8682292020,442452.47
2623089135,466235.5
3758900259,1.503144e+06
524069049,643286.3
3121500150,817159.06
5581400080,856723.4
8087800020,513367.6
4070700290,749296.06
3296000170,648167.9
9238500040,516346.5
2744600040,362837.47
6813600380,607017.0
6140100150,478846.66
2201500555,478312.22
2600110250,625545.6
4337000275,161451.66
1186000150,539285.3
1972201963,515458.44
1105000745,351249.1
2887700560,618270.2
4039700080,623803.1
522049104,311412.88
4202400078,245716.48
7520000695,229212.94
7714000310,419193.28
4319200060,745402.4
8624700015,645876.75
5104520610,334295.56
2354300845,280993.7
3824100291,475562.22
6151800612,223601.03
5454200080,993666.9
6413600290,398613.5
2131200065,271355.97
1459920010,286178.88
50300090,408111.9
2326300090,634294.7
7714000070,417136.7
3630180500,970406.1
1727850340,1.1082768e+06
8691430330,999817.06
2310030390,268309.4
5561400610,554174.6
7010701016,441007.1
7883605915,261063.98
1282300995,369359.9
4040700310,453195.56
3353400435,235874.73
2143701015,453163.6
255450020,440126.88
1020069017,467946.47
4038200120,440649.75
9284801100,271548.03
1965200075,635746.94
847100047,604048.2
4038700720,498274.25
6815100085,812010.1
2508000020,368739.4
255520180,662686.25
6822100750,599166.8
869700050,341808.94
1775801405,537319.6
6600400090,207725.48
7202330270,466509.9
1683400165,814163.44
2625069070,788108.7
7625702440,451085.3
3388000640,248127.11
1899400365,306875.62
6899990200,748304.8
5569700020,911712.94
986000045,298134.9
3293700221,367434.28
3764800250,368552.38
2291400566,337283.0
4219401236,1.4091861e+06
4239400840,144385.5
7211400990,218091.19
7696500280,179201.47
7215721070,556260.3
3204850140,393115.66
4322200220,729804.3
2566300100,1.1449652e+06
1944900090,459606.8
6648500390,267289.62
7385300020,778384.1
1704900135,339293.56
2877100655,716994.8
2726079098,763515.9
7625703800,500452.06
318300040,521812.12
7922800190,431632.97
2023049361,240550.36
8946400210,444962.2
6071600450,531029.25
4343800100,370322.8
1443300140,456760.9
1024039001,824902.06
2767704860,579227.4
7234600851,750269.2
644200065,882570.1
7784400035,617622.5
3826000560,240901.38
9272202260,394247.62
263000253,461476.97
3621059043,578026.06
240000130,479226.3
1352300120,236040.8
7849200861,260081.66
2487700130,523878.44
1796100140,268954.5
7234601221,492219.84
8651710190,463300.38
2916200091,521751.4
1232000915,479071.4
1545801970,241469.97
3211200420,354290.38
7686204675,199388.28
3141600210,178255.98
3959401284,496130.06
2113700825,299709.1
3876000710,417424.4
522069022,523938.38
3214200070,376020.4
1221039156,286161.97
259600790,455002.75
785000040,505491.94
8138870470,539540.44
2596300035,312488.03
540100057,1.9227616e+06
3073500045,497366.53
5363200266,461668.9
8682261650,460829.16
3224510080,822082.6
3211270160,423253.34
9269200520,294511.22
293810190,463088.34
4197400043,326221.34
3026079031,367197.12
5332200405,896220.7
2473411210,292783.34
9268200315,548225.7
8123500050,640336.06
3221069091,562034.75
2485000165,672073.94
4058800215,479922.88
1926059039,840717.9
2533300680,965778.8
3343903640,264657.25
5700003705,1.3303432e+06
2023049372,399669.4
4058800830,448142.97
3333002302,421397.0
2944500340,299892.34
1982200790,530384.94
8929000270,539102.75
8122101440,303775.72
7525530470,772264.8
9332800020,707134.06
3878900525,245933.11
5420300210,244283.97
9232900165,370365.9
6414100026,427322.97
3013300660,711111.9
7954300120,572027.25
1081200360,328763.94
2877102345,500481.66
2202500255,513653.1
7984400050,223709.81
9558020380,463482.0
7812801850,229751.1
8944460020,388852.66
2306400040,549672.7
8649400410,328836.38
7889602020,254889.75
2041000025,498054.28
871001484,609773.6
2767602141,509982.53
3630180470,794192.2
2769602140,480426.12
2473250280,332698.0
5422560660,603760.25
3756600240,409059.94
8651600160,721650.7
7202300540,886480.0
8961950250,515372.9
3303000130,468234.84
798000062,303726.2
1695900150,871031.8
1604730150,527786.9
4136930310,354631.12
8835401250,1.4022258e+06
8665900328,443908.1
9262800255,302765.75
1853080570,855068.8
5556300114,757336.5
9517200290,457492.88
4037200295,519896.25
7417100123,382619.28
2620069077,216282.98
7922720040,690979.94
558100090,445373.16
257000037,291604.9
3319500385,375653.75
9297301520,353642.9
3580900090,376152.06
1321039076,175400.17
7227801581,319498.2
9407001620,335456.12
2130400150,287106.97
2312400200,222670.05
4046700210,373780.12
1193000480,924810.94
1492800296,548669.25
3013300017,496094.1
3630240140,602923.6
1049010390,354124.2
9320900420,164457.9
4315700060,380775.16
2591010290,409119.25
323089085,611881.2
6600400270,213907.98
2919701105,497169.25
7202360670,917175.7
8927600100,807116.8
3211700045,617088.5
4027701326,490684.44
1601600195,261513.52
7853280350,748573.94
3629970130,706059.94
7203120020,797566.0
9542900190,369137.72
8035350120,549800.6
1238501184,1.04590344e+06
251200240,482522.25
8945300200,204142.94
2162000160,1.04237844e+06
5466310060,195729.12
1239400064,843325.25
5205000020,333666.5
1720800305,677758.0
7280300375,634358.2
2095800400,432755.3
7852010950,511729.6
1428001160,551853.0
9528104910,693850.44
8644210470,809461.7
7923300310,515661.5
254000100,608151.0
1931300688,502168.38
7007700030,472500.34
422049178,215614.06
422069067,480734.56
2923049393,410098.56
930000305,462386.7
2461900448,495779.12
2610100020,264556.8
2895550050,238348.33
7701700040,276251.06
2460900020,521544.47
9827700105,650159.44
1005000240,263796.72
7200001254,515489.9
866400040,539767.44
305000170,654020.75
2260800110,855669.2
3442000127,707478.06
5253300437,461874.12
7576700150,949159.6
5469501410,494030.9
5104531120,744535.6
723049434,339210.4
622069006,978973.6
2517101200,324396.5
8159620160,220447.44
5561300640,422111.34
3317010130,199015.73
4364200250,389906.16
8732300060,652677.4
5603700025,723922.6
3585900190,865588.0
3996900575,278652.28
8731801260,255752.2
3810000860,345901.1
5700003585,2.184144e+06
6332000050,459677.84
9286100250,431908.44
9471201110,1.1066914e+06
9290800050,539588.3
7300200400,628750.8
526069024,706154.9
1454600156,913457.94
3904980360,541283.44
2626119062,271854.3
8651730290,429254.94
7611200195,759240.56
1919800260,608719.6
6632900354,265101.84
3972900195,320328.66
5151600170,287871.9
7016000440,462919.22
871000435,790678.9
9578060540,505627.9
2332700060,896635.3
766000240,281206.03
4363700200,317386.3
7100000250,372837.03
2781250560,220683.88
2781250100,356146.12
5419800220,257507.0
7147600245,247481.47
2926069083,748374.06
6189200125,958720.1
9542830160,296844.6
5152200020,275808.0
9412900045,498199.66
6600410480,186093.75
6979970080,507777.3
5636010280,273110.75
1732801300,988341.3
5561401530,581633.6
9578500510,321995.16
7304300906,297440.53
1223089077,590590.8
721049207,295609.5
8691330310,810483.6
1523069204,477334.75
3188100105,672015.6
6608500290,387140.2
2891400410,341728.75
7663700551,339215.25
5413200140,222285.16
425069139,638131.06
6713700155,412965.53
2767603505,488393.56
7789000080,267546.97
9211500620,239085.03
3750604417,175864.8
7922800320,453869.88
1471620240,416509.4
2222059052,349031.84
9551200270,1.1579659e+06
2767603160,555222.0
9406710060,407422.4
8929000250,382329.66
5538300120,407786.25
2223069120,445611.9
1652500060,1.5977281e+06
8564500240,386930.53
3629700120,661666.4
3943600070,416385.9
4171200025,335898.22
2425049063,3.1414058e+06
9828701650,430028.9
3581000340,354328.22
8100900015,388600.2
2125059161,1.2361446e+06
304000380,202743.48
8146200070,1.5108991e+06
686530170,581878.3
2917200645,445393.97
9547200530,842776.94
2122059199,428277.66
1150000740,671643.4
5706200060,277810.6
9265410010,240556.33
4083800555,454445.5
6152900332,360963.38
2520900301,229833.92
9828200790,462312.6
1657530180,328097.1
7471900045,247344.39
9828200460,406496.78
1775900140,427974.7
6139800430,456834.1
7214400005,509193.78
5332200026,493331.28
9510970300,854842.1
2540830020,393255.16
3392100140,217278.84
1326069191,317445.97
2125059112,1.1762931e+06
859000022,350311.72
8854100350,649759.06
121059007,194086.16
7977201707,461852.53
3859900060,2.4374138e+06
8815400735,817416.25
705700530,349593.2
6600780130,418407.25
6378500105,424590.7
8143000310,477299.25
2877102330,665526.8
3526039074,648165.4
2115510300,272749.47
3024059014,1.8870921e+06
2141330360,598945.75
546000400,473622.8
2071500011,435138.66
7972000240,231974.56
7016200460,452320.34
6204200180,422887.38
1552100135,981142.94
88000173,410127.9
2581900235,810149.8
9211500560,244025.05
621069218,386644.66
1321970240,287895.25
798000630,306958.44
421000285,232808.53
2824600180,925087.94
3832051140,333296.0
1237500105,745068.4
8802400906,271782.0
3166900270,438011.47
3682000060,382343.88
5469700020,274302.06
1245001820,573425.56
9547205660,584408.7
7974700122,778981.2
7550801225,531000.4
1099950050,739127.8
1402900460,313006.72
7636800041,918105.94
2115720270,259707.89
8651441750,188014.81
3904100035,245314.0
8815400020,654568.56
3303860590,512778.47
5427110040,908415.8
1782000160,439587.84
6204420290,510880.16
3995700245,300656.94
7955040130,483813.8
1442880650,525784.4
8833510230,775510.7
7283900551,445594.5
4396000180,251100.58
7504021310,759642.56
322059264,284631.78
3654800040,296260.88
2767704777,521255.56
3278602190,384442.6
3236500220,465066.66
3410600100,315684.38
629410180,743410.4
3352402250,209068.39
4363700304,344868.47
7237550130,1.4069435e+06
9808590210,1.3363528e+06
8074200175,276555.78
3463400330,443473.94
6306400140,917674.4
8564950250,532386.7
5381000070,208880.27
9826700697,468826.9
8132700190,466619.38
7943000020,164504.5
9547204675,572388.0
4112100101,503223.56
727500030,645456.8
114101426,391504.62
9274202005,772161.0
1193000380,1.0063872e+06
3039000020,514142.2
7852170130,675712.1
2624079010,662089.94
4137010540,285593.8
7576200012,902357.9
1138020020,368528.5
3969300030,205138.84
898000200,224383.3
5153100030,293465.44
5104532030,528203.3
4406000050,249928.72
9274203390,589590.75
8682290360,412656.1
6928600330,260703.47
4139680070,863908.94
6844702690,525174.0
2154970020,1.8302294e+06
4385701285,1.2924008e+06
2426059071,583326.2
2867300160,564196.8
9512500720,534911.0
1773101020,314895.06
8687800100,295130.06
3627800050,1.2332598e+06
1604600227,283126.28
3300701170,424963.0
9250900111,453327.4
7015200790,688736.5
1311100490,248859.39
2469000010,936916.94
1982201596,548360.06
1862700290,335108.88
2586800270,261191.98
9528102772,491651.25
5490210200,455191.97
6669080020,389414.5
179003055,220521.88
1860600535,1.0313166e+06
1592000130,628494.9
3905040170,540048.56
9320500080,250825.34
9276200850,488122.1
224069114,633257.5
2260000340,603020.2
5096300130,402507.62
3432500215,363680.3
2600000050,657375.56
8856003839,232148.06
2492200435,401960.22
7855900110,1.0423973e+06
6806100250,337796.12
2770603523,526404.06
1370800515,1.9600771e+06
2726049150,551054.7
1226059161,546052.94
1068000375,2.1619448e+06
9528104109,468072.34
5126310060,535019.6
1951820070,604803.3
1545805980,343835.0
9464700340,1.0010469e+06
4319200675,924224.6
7518500885,535708.94
7852020620,470342.38
869700370,345087.9
8643000190,266369.72
8902000267,583053.1
7972602435,297601.4
2050100210,1.1361201e+06
6705120540,538551.9
2767601390,662449.94
4141000490,1.2429441e+06
9345400350,794276.3
3222079162,284761.03
7789000120,262455.94
6646200770,789490.6
6666800180,805137.2
1725800280,448108.78
6117500460,717464.06
5470100220,234517.7
5457300478,418544.12
7550800195,555615.06
7787050180,565364.56
6204430250,497604.22
7640400250,493758.66
624110920,777125.44
3629920140,393410.06
7173700518,716874.5
3210200395,271986.06
2473480560,389521.47
2623089141,534813.56
1423800080,217170.9
2076400050,273983.9
3832060120,312591.78
7702600930,426137.47
5101404555,389132.72
3723800415,382706.84
3356403400,233383.62
9214400125,523888.9
1797500530,527040.5
9551201660,1.2480708e+06
3878900815,297138.88
1760650280,356554.28
5466410030,246578.47
6388930620,608899.0
2331300395,832970.2
9412700160,284693.7
871001611,658258.25
3142600120,550167.75
3995700220,337446.44
2310000280,283891.72
8039900400,369399.38
7504021510,655161.25
1959700445,1.3638034e+06
1556200155,578872.3
3629960590,397508.78
259000240,515039.78
662440020,431651.1
3123049142,550976.4
321100260,792697.0
6840701095,631382.06
3738900165,417796.78
4427100130,411966.4
9238500100,487761.44
6145601810,305146.22
2570300090,401055.78
4017600010,504652.38
1005000220,389331.3
1257202120,510842.66
9527000490,517836.78
8691400080,730119.7
1726069084,518424.78
248000240,230563.88
6113400046,359488.9
2130702350,377111.06
920069052,243472.73
6071300160,505753.28
1623049041,186494.56
9268200285,354308.62
1843100520,380098.53
2887700826,604383.0
9122000385,610080.1
9475700220,419788.97
2804600005,852464.94
2896400300,431370.44
5015000180,761854.6
3630220180,785044.4
8832900780,467399.22
1568100300,492096.4
8718500610,410709.53
4147200140,1.015744e+06
1973700030,1.025665e+06
8862000075,201560.73
9320990110,292060.78
1151100035,489930.7
2011000010,240075.5
1651500060,911308.75
446000190,874020.75
2344300220,953596.3
523049195,223199.44
9191200015,689306.9
7942601410,876260.8
7137800300,219468.45
7853300280,533451.94
6654700240,361166.53
569000050,604870.2
3584000180,250134.27
2026079055,297596.88
8898700880,284560.16
5075400150,666902.3
8731981360,452443.28
4222500020,221490.98
7996720050,588007.25
4077800094,672545.2
6446200365,624560.9
2824089053,497123.25
1311800220,235836.05
3522049063,631518.2
1721801280,241062.25
6131600240,189890.69
7202310040,608438.7
1123059125,574094.75
646910160,234280.53
5630500005,378374.8
3342100785,279004.34
9547205610,733020.6
1773100123,319346.47
3353400092,332256.62
217500015,399534.12
3649100031,425711.38
7896300150,302830.44
623049185,234450.39
1773100430,351799.53
1781500220,757501.94
3395380200,245017.75
2424059170,1.7661019e+06
4389200765,1.6703536e+06
1543000060,486484.84
6154900005,595618.6
2902200240,490925.03
1442880640,536070.25
8562770490,586643.4
2768300655,626476.4
3432501315,322202.78
5035300570,741652.06
3626039028,370411.8
3876540780,208249.14
327000100,945207.7
7551300065,443611.4
1312920060,233534.8
2215901230,258561.7
6306800010,419394.4
2767700022,557397.75
5589900610,476335.22
4320200020,754808.5
5249804655,645437.7
9238500480,527666.6
3885806565,1.1705122e+06
7905200205,523162.97
5727500102,341633.6
3585220070,378566.47
2078500210,551209.2
1839920050,430665.88
534000080,338094.56
856000255,558241.5
4141010110,1.4945946e+06
9558040820,586439.25
7768700315,1.2561692e+06
2796100640,290171.78
1922059010,182972.38
3448000542,274116.94
3883100220,290774.28
7237301210,311264.12
3893100456,935021.9
9578501110,320428.25
6145601995,384239.9
4024100120,334598.56
8899000050,369381.75
3396820010,508924.34
6749700117,338674.78
1954400060,487649.8
3303970100,716411.1
2540850070,472969.22
3797000745,475589.9
7883603700,301355.1
3438501452,365609.66
3530210260,693866.3
3598600049,184101.88
731500170,344641.28
7129304375,238103.86
263000006,472137.3
7212660560,328048.28
1112700010,385192.0
3420069060,762441.2
2473000470,475735.06
8691390980,711934.3
6184700100,483628.38
4476400275,371644.97
2968801240,289955.47
1529300160,438314.4
7640400070,617926.56
7016100380,458725.34
2172000890,416079.84
4035900015,703791.0
9528104660,929254.4
507100005,415530.62
2783100160,426334.22
3629921140,835904.25
1099750610,240277.75
1330300451,1.2138608e+06
2757000030,870595.8
2114700190,288676.6
2050000020,944556.2
3832500790,270349.34
2612000390,341384.12
1483300430,437548.88
8899200720,295160.75
9183700470,311547.16
3530490031,215529.58
7857001225,342192.5
7920100083,389305.72
2254501620,375638.34
3303000130,468234.84
3876200070,435305.1
369000365,411462.62
3052700385,697307.2
7856550240,856909.7
7300410110,335606.53
7201800300,415954.1
1695900060,488465.75
9429500146,1.2970335e+06
3629910240,662979.56
8805400090,243576.77
1022069050,264278.16
1138010530,364589.47
7877400266,168251.2
7974200452,1.02313475e+06
2126049265,484086.12
9547204350,739012.2
5560000680,183032.23
3793500550,322958.34
4217401195,894989.94
1826049408,408633.0
3905100210,499776.7
7695370160,546520.25
3210400060,215564.72
6146600170,144629.84
2767601750,467450.94
1773100926,375569.56
5700002125,562345.75
1951100100,192242.34
1402200340,301184.72
8044200200,435764.88
66000070,320064.5
5083100065,214601.28
4027701284,360795.06
5693501100,594228.06
3600072,562325.4
8078550250,341013.2
1922059046,294029.62
2902200016,612477.9
9183700845,129652.055
3333001997,342964.2
1432400525,189878.73
2824059128,471020.62
6453550090,911406.94
6202600070,1.1639479e+06
7524100280,238524.55
3524039224,896547.25
5739601300,464807.28
2473000410,379486.78
421059018,257348.89
4232901120,652448.3
5559600140,241836.64
3797310150,299565.06
7986400265,785066.9
3025300095,2.2081098e+06
7524950830,639827.0
9407100730,277655.4
3812400854,423559.8
6002400030,307191.56
2212200090,210383.67
7202330610,518884.3
7300400170,316978.28
8965000110,468863.56
3996900125,312054.12
2221000100,282309.6
1524079088,360428.8
1133000036,395914.12
1868901190,661222.94
4037200530,478985.97
2095500120,343916.0
1995200338,836859.8
8820902350,619777.94
7459810210,380530.12
9536600010,488357.7
8085400586,1.5402186e+06
7518503065,420900.97
9211500620,239085.03
7504021310,759642.56
3969300030,205138.84
9828200460,406496.78
